BJD Phase RV RVerr
55816.469627 0.82074   0.802 0.018 
55816.470920 0.82098   0.813 0.018 
55816.472221 0.82122   0.824 0.018 
55817.510667 0.01474 -21.125 0.018 
55817.511961 0.01498 -21.202 0.018 
55818.494094 0.19800 -31.354 0.018 
55818.495384 0.19824 -31.362 0.018 
55818.496675 0.19848 -31.342 0.018 
55819.497269 0.38494 -21.989 0.018 
55819.498564 0.38518 -21.984 0.018 
55819.499853 0.38542 -21.967 0.018 
55896.402782 0.71621  -5.109 0.018 
55896.403724 0.71638  -5.114 0.018 
55896.404665 0.71656  -5.081 0.018 
55897.342052 0.89124   3.901 0.018 
55897.342999 0.89141   3.891 0.018 
55897.343940 0.89159   3.903 0.018 
55898.350716 0.07920 -33.362 0.018 
55898.351690 0.07938 -33.371 0.018 
55898.352660 0.07956 -33.391 0.018 
55899.364902 0.26819 -28.141 0.018 
55899.365853 0.26837 -28.126 0.018 
55899.366806 0.26855 -28.132 0.018 
55900.387219 0.45870 -17.947 0.018 
55900.388863 0.45901 -17.913 0.018 
55900.390849 0.45938 -17.903 0.018 
55901.428094 0.65267  -7.847 0.018 
55901.429739 0.65297  -7.814 0.018 
55901.431901 0.65338  -7.787 0.018 
56275.326763 0.32833 -25.419 0.018 
56275.379256 0.33811 -24.895 0.018 
56275.434976 0.34849 -24.348 0.018 
56276.397927 0.52794 -14.634 0.018 
56276.448956 0.53745 -14.146 0.018 
56277.328761 0.70140  -6.181 0.018 
56277.422358 0.71884  -5.402 0.018 
56277.456020 0.72511  -5.120 0.018 
56278.342120 0.89023   3.466 0.018 
56278.380041 0.89730   3.569 0.018 
56278.438298 0.90816   3.480 0.018 
56279.325143 0.07342 -33.214 0.018 
56279.360392 0.07999 -33.691 0.018 
56279.407130 0.08870 -34.127 0.018 
56280.321642 0.25912 -28.931 0.018 
56280.360149 0.26629 -28.569 0.018 
56280.394328 0.27266 -28.273 0.018 
56282.333413 0.63401  -9.217 0.018 
56282.416577 0.64951  -8.487 0.018 
56283.323357 0.81848   0.113 0.018 
56283.385013 0.82997   0.816 0.018 
56283.420334 0.83655   1.176 0.018 
56284.324608 0.00507 -18.130 0.018 
56284.373535 0.01418 -21.160 0.018 
56284.403961 0.01985 -22.905 0.018 
56545.347457 0.64642  -8.873 0.018 
56545.391089 0.65455  -8.493 0.018 
56545.454900 0.66644  -7.993 0.018 
56545.549423 0.68406  -7.210 0.018 
56545.672022 0.70690  -6.206 0.018 
56545.758922 0.72310  -5.491 0.018 
56546.356925 0.83454   0.808 0.018 
56546.428077 0.84779   1.532 0.018 
56546.489205 0.85919   2.133 0.018 
56546.634821 0.88632   3.120 0.018 
56546.669033 0.89270   3.264 0.018 
56546.746286 0.90709   3.273 0.018 
56547.350639 0.01971 -23.228 0.018 
56547.381042 0.02538 -24.852 0.018 
56547.439143 0.03621 -27.595 0.018 
56547.495182 0.04665 -29.749 0.018 
56548.435824 0.22194 -30.901 0.018 
56548.508518 0.23548 -30.256 0.018 
56548.642411 0.26043 -29.079 0.018 
56549.373343 0.39664 -22.175 0.018 
56549.473578 0.41532 -21.175 0.018 
56549.531571 0.42613 -20.590 0.018 
56549.596816 0.43829 -19.918 0.018 
56549.656492 0.44941 -19.308 0.018 
56549.752197 0.46724 -18.356 0.018 
56550.350464 0.57873 -12.374 0.018 
56550.403530 0.58862 -11.832 0.018 
56550.521426 0.61059 -10.667 0.018 
56550.618785 0.62873  -9.786 0.018 
56550.669452 0.63817  -9.280 0.018 
56550.759350 0.65492  -8.440 0.018 
56551.350592 0.76510  -3.378 0.018 
56551.356332 0.76617  -3.300 0.018 
56551.430779 0.78004  -2.499 0.018 
56551.539447 0.80029  -1.302 0.018 
56551.624800 0.81620  -0.293 0.018 
56551.755376 0.84053   1.227 0.018 
56552.351572 0.95163  -0.793 0.018 
56552.421708 0.96470  -3.957 0.018 
56552.718442 0.02000 -23.388 0.018 
56553.357658 0.13912 -34.220 0.018 
56553.403262 0.14761 -33.982 0.018 
56553.595508 0.18344 -32.643 0.018 
56553.647832 0.19319 -32.237 0.018 
56553.752956 0.21278 -31.348 0.018 
56554.348537 0.32376 -25.955 0.018 
56554.388681 0.33125 -25.602 0.018 
56554.465239 0.34551 -24.857 0.018 
56554.582719 0.36740 -23.705 0.018 
56554.700056 0.38927 -22.559 0.018 
56554.750548 0.39868 -22.092 0.018 
56855.665468 0.47389 -18.172 0.018 
56856.479158 0.62552 -10.222 0.018 
56857.552993 0.82562  -0.112 0.018 
56857.700590 0.85313   1.490 0.018 
56858.550567 0.01152 -20.992 0.018 
56858.698770 0.03914 -28.649 0.018 
56859.550088 0.19778 -32.380 0.018 
56859.694976 0.22478 -31.217 0.018 
56860.554677 0.38498 -23.024 0.018 
56860.690607 0.41032 -21.674 0.018 
56861.554690 0.57134 -13.002 0.018 
56861.691495 0.59683 -11.611 0.018 
56862.556964 0.75811  -4.133 0.018 
56862.685731 0.78210  -2.799 0.018 
56864.564081 0.13213 -34.671 0.018 
56864.676323 0.15305 -34.117 0.018 
56865.576543 0.32080 -26.521 0.018 
56865.672674 0.33872 -25.589 0.018 
56866.572055 0.50632 -16.472 0.018 
56866.669265 0.52443 -15.486 0.018 
56866.723272 0.53450 -14.961 0.018 
56919.435470 0.35736 -24.564 0.018 
56919.693367 0.40542 -22.010 0.018 
56920.359273 0.52951 -15.286 0.018 
56920.669864 0.58739 -12.253 0.018 
56921.352041 0.71451  -6.190 0.018 
56921.693741 0.77819  -2.947 0.018 
56922.350765 0.90063   2.949 0.018 
56922.677481 0.96151  -3.381 0.018 
56923.355432 0.08784 -34.704 0.018 
56923.672135 0.14686 -34.443 0.018 